﻿data;hora de saída;hora de chegada;prazo;morada de partida;morada de chegada;distância;quilometragem no conta-quilómetros (km);consumo médio (l/100);preço do combustível (EUR/l);custo (EUR);categoria;
"02/01/23";11:08;11:20;"00:12";;;"3";20644;"10,9";"1,62";"0,56";""
"02/01/23";11:50;12:01;"00:11";;;"2";20646;"9,3";"1,62";"0,33";""
"02/01/23";14:52;16:03;"01:11";;;"52";20698;"5,2";"1,62";"4,31";""
"02/01/23";16:18;16:22;"00:04";;;"1";20698;"10,3";"1,62";"0,1";""
"02/01/23";16:27;16:39;"00:12";;;"5";20703;"6,6";"1,62";"0,53";""
"02/01/23";18:09;18:24;"00:15";;;"3";20706;"9,9";"1,62";"0,46";""
"02/01/23";19:56;20:14;"00:18";;;"8";20714;"6,8";"1,62";"0,86";""
"02/01/23";20:19;20:26;"00:07";;;"2";20716;"7,2";"1,62";"0,23";""
"02/01/23";22:07;23:11;"01:04";;;"54";20771;"5,8";"1,62";"5,07";""
"03/01/23";14:17;14:27;"00:10";;;"2";20773;"12,7";"1,62";"0,43";""
"03/01/23";14:38;14:44;"00:06";;;"2";20775;"8,2";"1,62";"0,27";""
"03/01/23";15:04;15:09;"00:05";;;"1";20776;"8,5";"1,62";"0,17";""
"04/01/23";07:23;07:35;"00:12";;;"8";20784;"6,4";"1,62";"0,8";""
"04/01/23";17:16;17:33;"00:17";;;"7";20791;"8";"1,62";"0,93";""
"05/01/23";07:29;07:43;"00:14";;;"8";20798;"5,9";"1,62";"0,73";""
"05/01/23";17:25;17:40;"00:15";;;"7";20805;"9,1";"1,62";"1,03";""
"06/01/23";07:27;07:39;"00:12";;;"8";20813;"5,3";"1,62";"0,66";""
"06/01/23";17:15;17:29;"00:14";;;"7";20820;"8,8";"1,62";"0,99";""
"07/01/23";07:26;07:39;"00:13";;;"8";20828;"5,5";"1,62";"0,7";""
"07/01/23";17:21;17:34;"00:13";;;"7";20835;"7,3";"1,62";"0,83";""
"07/01/23";18:00;18:27;"00:27";;;"16";20851;"4,7";"1,62";"1,26";""
"07/01/23";21:52;22:17;"00:25";;;"16";20868;"5,4";"1,62";"1,43";""
"08/01/23";13:59;14:25;"00:26";;;"16";20884;"4,9";"1,62";"1,29";""
"08/01/23";16:51;16:55;"00:04";;;"1";20885;"16,4";"1,62";"0,13";""
"08/01/23";18:52;19:16;"00:24";;;"16";20901;"5,6";"1,62";"1,46";""
"09/01/23";07:26;07:38;"00:12";;;"8";20909;"6,1";"1,68";"0,79";""
"09/01/23";17:16;17:31;"00:15";;;"7";20916;"8,5";"1,68";"1";""
"10/01/23";07:32;07:45;"00:12";;;"8";20923;"5,6";"1,68";"0,72";""
"10/01/23";17:16;17:32;"00:16";;;"7";20930;"8,5";"1,68";"1";""
"11/01/23";07:22;07:36;"00:14";;;"8";20938;"5,8";"1,68";"0,76";""
"11/01/23";18:19;18:38;"00:19";;;"7";20945;"8,5";"1,68";"1,03";""
"12/01/23";07:23;07:36;"00:13";;;"8";20953;"5,9";"1,68";"0,76";""
"12/01/23";17:17;17:33;"00:16";;;"7";20960;"8,2";"1,68";"0,96";""
"13/01/23";07:37;07:50;"00:13";;;"8";20968;"5,9";"1,68";"0,76";""
"13/01/23";18:01;18:15;"00:14";;;"7";20975;"7,4";"1,68";"0,86";""
"14/01/23";15:41;16:07;"00:26";;;"16";20991;"4,8";"1,68";"1,31";""
"14/01/23";16:11;16:19;"00:08";;;"7";20998;"5,6";"1,68";"0,62";""
"14/01/23";16:36;16:43;"00:07";;;"6";21003;"5,9";"1,68";"0,58";""
"14/01/23";23:09;23:32;"00:23";;;"16";21020;"5,6";"1,68";"1,51";""
"15/01/23";09:49;10:09;"00:20";;;"14";21034;"4,8";"1,68";"1,13";""
"15/01/23";10:13;10:18;"00:05";;;"2";21036;"6";"1,68";"0,24";""
"15/01/23";10:40;10:46;"00:06";;;"2";21038;"6,5";"1,68";"0,24";""
"15/01/23";10:55;11:04;"00:09";;;"5";21043;"5,3";"1,68";"0,41";""
"15/01/23";15:06;15:39;"00:33";;;"27";21070;"5,9";"1,68";"2,68";""
"15/01/23";18:34;19:09;"00:35";;;"29";21099;"5,2";"1,68";"2,51";""
"15/01/23";20:13;20:35;"00:22";;;"16";21115;"5,8";"1,68";"1,58";""
"17/01/23";07:24;07:37;"00:13";;;"8";21123;"6,1";"1,68";"0,79";""
"17/01/23";17:17;17:31;"00:14";;;"7";21130;"8,2";"1,68";"0,96";""
"18/01/23";07:29;07:42;"00:12";;;"8";21138;"6,4";"1,68";"0,83";""
"18/01/23";17:18;17:33;"00:15";;;"7";21145;"8,2";"1,68";"0,96";""
"19/01/23";07:16;07:27;"00:11";;;"8";21152;"6,1";"1,68";"0,79";""
"19/01/23";17:16;17:31;"00:15";;;"7";21159;"8,8";"1,68";"1,03";""
"20/01/23";07:30;07:42;"00:12";;;"8";21167;"5,6";"1,68";"0,72";""
"20/01/23";17:16;17:29;"00:13";;;"7";21174;"7,9";"1,68";"0,93";""
"21/01/23";07:27;07:38;"00:11";;;"8";21182;"5,6";"1,68";"0,72";""
"21/01/23";17:19;17:30;"00:11";;;"7";21189;"7,6";"1,68";"0,89";""
"22/01/23";12:56;13:09;"00:13";;;"7";21196;"6,2";"1,68";"0,76";""
"22/01/23";13:19;13:29;"00:10";;;"8";21204;"7";"1,68";"0,89";""
"22/01/23";14:03;14:13;"00:10";;;"5";21209;"5,7";"1,68";"0,52";""
"22/01/23";18:28;19:10;"00:42";;;"16";21225;"5,7";"1,68";"1,55";""
"22/01/23";21:13;21:52;"00:39";;;"16";21242;"6,4";"1,68";"1,75";""
"23/01/23";07:26;07:39;"00:13";;;"8";21250;"6";"1,68";"0,79";""
"23/01/23";17:32;17:46;"00:14";;;"7";21257;"8,2";"1,68";"0,96";""
"24/01/23";07:25;07:37;"00:12";;;"8";21264;"6,4";"1,68";"0,83";""
"24/01/23";17:15;17:29;"00:14";;;"7";21271;"7,9";"1,68";"0,93";""
"25/01/23";07:29;07:41;"00:11";;;"8";21279;"6,5";"1,68";"0,83";""
"25/01/23";17:21;17:42;"00:21";;;"7";21286;"8,7";"1,68";"1,03";""
"26/01/23";07:16;07:29;"00:13";;;"8";21294;"6,4";"1,68";"0,83";""
"26/01/23";17:17;17:32;"00:15";;;"7";21301;"8,2";"1,68";"0,96";""
"27/01/23";07:32;07:45;"00:13";;;"8";21309;"5,9";"1,68";"0,76";""
"27/01/23";17:16;17:32;"00:16";;;"7";21316;"8,2";"1,68";"0,96";""
"28/01/23";15:41;16:05;"00:23";;;"16";21332;"4,8";"1,68";"1,31";""
"28/01/23";22:27;22:50;"00:23";;;"16";21348;"6,2";"1,68";"1,68";""
"29/01/23";09:59;10:13;"00:13";;;"7";21355;"6,5";"1,68";"0,79";""
"29/01/23";11:08;11:35;"00:27";;;"22";21377;"5,2";"1,68";"1,89";""
"29/01/23";11:38;12:17;"00:38";;;"36";21413;"5,1";"1,68";"3,06";""
"29/01/23";16:02;16:31;"00:28";;;"20";21432;"5,7";"1,68";"1,86";""
"29/01/23";17:22;18:32;"01:10";;;"46";21479;"5,5";"1,68";"4,26";""
"30/01/23";07:26;07:39;"00:13";;;"8";21487;"6,6";"1,68";"0,86";""
"30/01/23";17:16;17:30;"00:14";;;"7";21494;"8,2";"1,68";"0,96";""
"31/01/23";07:28;07:43;"00:15";;;"8";21502;"6,9";"1,68";"0,89";""
"31/01/23";17:18;17:35;"00:17";;;"7";21509;"9,3";"1,68";"1,13";""
